initial: 6
0.000847662 0.97138 0.00116445 6.89743e-06 0.0249335 0.00166793

transition: 6
0.133453 0.691831 0.0475907 0.0248209 0.0696274 0.0326777
0.00224233 0.973303 0.00425661 0.00016278 0.0183995 0.00163605
0.0650502 0.498714 0.190273 0.081255 0.118849 0.0458591
0.0906301 0.125913 0.126917 0.329328 0.253924 0.0732877
0.0192068 0.615813 0.0170363 0.00479797 0.291514 0.0516314
0.160793 0.487627 0.0560285 0.0249539 0.134491 0.136107

observation: 6
0.156776 0.13796 0.0989877 0.130112 0.0621802 0.069611
0.424289 0.384487 0.359578 0.376899 0.219426 0.201793
0.105713 0.12828 0.110669 0.124335 0.108391 0.0801891
0.0138491 0.0147887 0.0131403 0.0142625 0.00971898 0.00952783
0.181545 0.216795 0.292967 0.228379 0.331935 0.377503
0.117827 0.117688 0.124658 0.126012 0.268349 0.261376
