initial: 6
0.961158 0.0231597 9.5959e-05 0.000282367 0.0134121 0.00189205

transition: 6
0.941321 0.0373321 0.000445895 0.00101312 0.0165485 0.00333977
0.656498 0.210471 0.0213169 0.0125148 0.0745962 0.024604
0.218295 0.126516 0.23655 0.253006 0.0972648 0.0683686
0.242108 0.121451 0.066174 0.219041 0.287997 0.0632298
0.5938 0.0738483 0.00979827 0.0153208 0.228748 0.0784844
0.732611 0.0684236 0.0208829 0.0265743 0.0604507 0.0910574

observation: 6
0.309879 0.351198 0.284458 0.290764 0.234436 0.219239
0.22475 0.221308 0.211369 0.203098 0.107266 0.129969
0.0649659 0.0724468 0.0628958 0.0626062 0.0619827 0.0557511
0.0960677 0.106033 0.0947324 0.093938 0.0950103 0.0784387
0.193014 0.145286 0.229681 0.235675 0.309198 0.318057
0.111323 0.103728 0.116864 0.11392 0.192108 0.198544
