initial: 6
0.399052 0.000731684 0.000312388 1.3177e-05 0.563854 0.0360369

transition: 6
0.642805 0.00465706 0.00154628 0.000408058 0.320972 0.029612
0.215826 0.129338 0.165312 0.0340879 0.335225 0.12021
0.16872 0.0586107 0.232296 0.163129 0.260025 0.117218
0.0819449 0.0833206 0.117655 0.316701 0.31623 0.0841483
0.155561 0.00120208 0.00119434 0.000327857 0.774839 0.0668757
0.536902 0.00596255 0.00659691 0.0025425 0.302442 0.145554

observation: 6
0.395867 0.414702 0.254594 0.26946 0.197811 0.243847
0.1599 0.150388 0.116165 0.0988391 0.0589968 0.0667341
0.0786045 0.108776 0.0982673 0.100133 0.113327 0.0915948
0.0144217 0.0169417 0.0167618 0.0167905 0.018317 0.0162167
0.183664 0.17624 0.32542 0.317974 0.389879 0.324701
0.167543 0.132952 0.188791 0.196803 0.22167 0.256907
